0.889999
2.370999
2.466999
4.047999
5.530999
5.625999
7.205999
8.685999
8.781999
11.843999
11.940999
13.521999
15.001999
15.098999
16.678999
18.159999
18.255999
19.836999
21.317999
21.413999
24.296999
26.153999
27.632999
27.729999
29.310999
30.791999
30.887999
32.468999
33.948999
34.045999
37.106999
37.203999
38.785999
40.265999
40.361999
41.941999
43.422999
43.519999
45.101999
46.580999
46.677999
48.771999
51.448000
52.929000
53.025000
54.606000
56.183000
57.763000
59.244000
59.340000
62.402000
62.499000
64.080000
65.560000
65.656000
67.237000
68.718000
68.813000
70.394000
71.875000
71.972000
76.712000
78.191000
78.288000
79.869000
81.350000
81.446000
83.027000
84.507000
84.604000
87.665000
87.761000
89.345000
90.824000
90.919000
92.500000
93.982000
94.077000
95.659000
97.139000
97.235000
126.548000
127.337000
128.126000
128.916000
129.705000
130.495000
131.287000
132.074000
132.862000
133.652000
134.442000
135.232000
136.022000
136.812000
137.600000
138.389000
139.179000
139.969000
140.759000
141.548000
142.337000
143.126000
143.916000
144.706000
145.495000
146.285000
147.074000
147.864000
148.653000
149.443000
150.232000
151.022000
151.812000
152.600000
153.389000
154.179000
154.969000
155.759000
156.549000
157.337000
158.127000
158.916000
159.705000
160.495000
161.286000
162.074000
162.863000
163.653000
164.443000
165.232000
166.022000
166.811000
167.601000
168.389000
169.180000
169.969000
170.759000
171.548000
172.337000
173.127000
173.916000
174.706000
175.495000
176.285000
177.074000
177.863000
178.652000
179.442000
180.232000
181.021000
181.812000
182.600000
183.389000
184.179000
184.969000
185.759000
186.547000
187.337000
188.126000
188.916000
189.706000
190.495000
191.284000
192.074000
192.863000
193.653000
194.443000
195.232000
196.024000
196.811000
197.600000
198.389000
199.179000
199.969000
200.759000
201.548000
202.339000
203.916000
205.496000
207.075000
208.653000
210.232000
211.042000
211.811000
213.390000
214.199000
214.969000
215.779000
216.549000
218.127000
218.938000
219.706000
221.285000
222.094000
222.863000
224.442000
225.252000
226.831000
226.852000
226.873000
226.895000
229.222000
230.801000
232.337000
233.959000
238.653000
240.922000
242.402000
242.498000
244.079000
245.656000
247.237000
248.718000
248.814000
253.554000
255.034000
255.130000
258.013000
259.869000
261.348000
261.445000
267.665000
267.762000
269.342000
270.824000
270.919000
272.501000
273.981000
274.077000
277.139000
277.235000
278.817000
280.297000
280.393000
281.973000
283.454000
283.551000
285.133000
286.613000
286.708000
291.450000
292.929000
293.024000
294.606000
296.088000
296.183000
297.765000
299.245000
299.340000
302.402000
302.498000
304.080000
305.560000
305.656000
307.236000
308.718000
308.814000
310.397000
311.875000
311.972000
