12.772880
13.564295
14.365201
14.760908
15.137633
15.542102
15.931969
16.716083
17.130042
17.920727
18.313514
19.103469
19.913866
20.296431
21.460191
21.854803
22.258907
22.841516
23.443108
23.838816
24.233063
24.634611
25.023018
25.420185
26.185317
26.997174
27.391421
27.775447
28.175535
28.569783
29.348056
29.764206
30.922124
31.732522
32.503494
33.315351
33.694997
34.092164
34.495172
34.880659
35.464729
36.057560
36.866497
37.240301
37.637469
37.830212
38.028796
38.814370
39.605785
40.008793
40.403040
40.811889
41.200296
41.582862
41.977109
42.388878
43.183213
43.554098
44.152769
44.346973
45.139848
45.534095
46.340111
46.716837
47.115464
47.519933
48.109843
48.705595
50.695083
51.486498
52.287404
52.683111
53.059837
53.464305
53.854172
54.638286
55.052245
55.842930
56.235717
57.025672
57.836069
58.218635
59.382394
59.777006
60.181110
60.763719
61.365311
61.761019
62.155266
62.556814
62.945221
63.342388
64.107520
64.919377
65.313624
65.697650
66.097738
66.491986
67.270259
67.686409
68.844327
69.654725
70.425697
71.237554
71.617200
72.014367
72.417376
72.802862
73.386932
73.979763
74.788700
75.162504
75.559672
75.752415
75.950999
76.736573
77.527988
77.930996
78.325243
78.734092
79.122499
79.505065
79.899312
80.311081
81.105416
81.476301
82.074972
82.269176
83.062051
83.456298
84.262315
84.639040
85.037667
85.442136
86.032047
86.627798
87.376868
87.800318
88.585892
89.345000
90.139519
90.530845
90.962327
91.368256
91.747171
92.522524
92.934293
93.724248
94.117765
94.708406
94.899689
95.694024
96.094112
96.900129
97.281234
97.662340
98.056587
98.649418
99.237869
126.492034
127.279068
128.079609
128.865548
129.652582
130.439617
131.240157
132.026097
132.814591
133.601625
134.402166
135.188105
135.975140
136.762174
137.562715
138.348654
139.116706
139.903740
140.704281
141.490220
142.277255
143.064289
143.864830
144.650769
145.439263
146.226298
147.026839
147.812778
148.599812
149.386846
150.187387
150.973326
151.738458
152.525492
153.326033
154.111972
154.899007
155.686041
156.486582
157.272521
158.061016
158.848050
159.648591
160.434530
161.221564
162.008598
162.809139
163.595078
164.363130
165.150165
165.950706
166.736645
167.523679
168.310713
169.111254
169.897193
170.685688
171.472722
172.273263
173.059202
173.846237
174.633271
175.433812
176.219751
177.010436
177.797470
178.598011
179.383950
180.170984
180.958019
181.758559
182.544499
183.332993
184.120027
184.920568
185.706507
186.493542
187.280576
188.081117
188.867056
189.635108
190.422142
191.222683
192.008622
192.795657
193.582691
194.383232
195.169171
195.957665
196.744700
197.545241
198.331180
199.118214
199.905248
200.705789
201.491728
202.256860
203.043894
203.844435
204.630374
205.417409
206.204443
207.004984
207.790923
208.579418
209.366452
210.166993
210.952932
211.739966
212.527000
213.327541
214.113481
214.881533
215.668567
216.469108
217.255047
218.042081
218.829115
219.629656
220.415596
221.204090
221.991124
222.791665
223.577604
224.364639
225.151673
225.952214
226.738153
226.952799
227.147002
227.333904
227.528108
228.330474
229.118968
229.906002
230.706543
231.492483
232.279517
233.066551
233.858696
234.647190
235.434225
236.234766
236.595064
237.020705
237.807739
238.594773
239.386918
239.970988
240.064439
240.163731
240.955146
241.756052
242.151759
242.528485
242.932953
243.322820
244.106934
244.520893
245.311578
245.704365
246.494320
247.304717
247.687283
248.851042
249.245654
249.649758
250.232368
250.833960
251.229667
251.623914
252.025462
252.413869
252.811036
253.576168
254.388025
254.782273
255.166299
255.566387
255.960634
256.552735
257.155057
257.551494
257.928219
258.328307
258.719634
259.116802
259.884854
260.308305
261.088038
261.473524
261.856090
262.267859
262.849009
263.465203
265.410156
266.201571
267.002477
267.398184
267.774909
268.179378
268.569244
269.353358
269.767318
270.558368
270.950790
271.254506
271.550556
271.656419
271.751330
272.532889
273.330145
273.706870
274.097467
274.492079
274.896182
275.478792
276.080384
276.875449
277.284298
277.379210
277.478502
277.576333
277.674895
277.769806
277.867638
277.983722
278.063667
278.855081
279.655987
280.051695
280.428420
280.832888
281.222755
282.006869
282.415353
283.195086
283.603935
283.698847
283.798139
283.895970
283.994532
284.089444
284.187275
284.303359
284.383304
285.067031
285.560570
286.349064
286.734550
287.122957
287.540567
288.110035
288.708707
289.120476
289.505962
289.614745
289.719878
289.814789
289.896559
290.006072
290.099524
290.201736
290.303948
290.406890
290.499246
290.600364
290.697465
291.488880
292.289786
292.685493
293.062218
293.466687
293.856554
294.640668
295.054627
295.845677
296.238099
296.541815
296.837866
296.943728
297.038640
297.820198
298.617454
298.994179
299.384776
299.779388
300.183492
300.766101
301.367693
302.162759
302.571608
302.666519
302.765811
302.863643
302.962204
303.057116
303.154948
303.271031
303.350976
304.142391
304.943297
305.339004
305.715729
306.120198
306.510065
307.294178
307.702662
308.482396
308.891245
308.986156
309.085448
309.183280
309.281842
309.376753
309.474585
309.590669
309.670613
310.354340
310.847879
311.636374
312.021860
312.410266
312.827876
313.397345
313.996016
